1 12 
0 14 
1 15 
0 15 
1 16 
0 16 
1 17 
0 17 
1 18 
0 18 
1 19 
0 19 
1 20 
0 20 
1 21 
0 21 
1 22 
0 22 
1 23 
0 23 
1 24 
0 24 
1 26 
0 26 
1 27 
1 28 
1 29 
1 30 
0 30 
1 31 
0 38 
1 39 
0 39 
1 40 
0 40 
1 41 
0 41 
1 42 
0 42 
0 43 
1 44 
0 44 
1 12 16 
1 12 17 
1 12 18 
1 12 19 
1 12 20 
1 12 21 
1 12 23 
1 12 24 
0 14 21 
0 15 16 
0 15 19 
0 15 20 
0 15 21 
1 12 26 
1 12 27 
1 12 28 
1 12 29 
1 12 30 
1 12 31 
0 14 26 
0 15 26 
0 15 30 
1 12 39 
1 12 40 
1 16 26 
0 16 26 
0 16 30 
1 17 26 
0 17 26 
0 17 30 
1 17 31 
1 18 26 
0 18 26 
1 18 31 
1 19 26 
0 19 26 
1 19 27 
1 19 28 
1 19 30 
0 19 30 
1 19 31 
1 20 26 
0 20 26 
0 20 30 
1 20 31 
1 21 26 
0 21 26 
1 21 27 
1 21 28 
1 21 30 
0 21 30 
1 21 31 
0 22 26 
1 23 26 
0 23 26 
0 23 30 
1 24 26 
0 24 26 
1 24 30 
0 24 30 
0 16 39 
0 16 41 
0 19 39 
0 19 41 
1 20 39 
0 20 39 
1 20 40 
0 21 38 
0 21 39 
0 21 41 
0 21 42 
0 21 44 
0 26 38 
1 26 39 
0 26 39 
0 26 40 
0 26 41 
0 26 42 
1 26 44 
0 26 44 
0 30 39 
0 30 41 
1 31 39 
1 31 40 
0 16 26 39 
0 20 26 39 
0 21 26 38 
0 21 26 39 
0 21 26 41 
0 21 30 39 
1 12 16 26 
1 12 17 26 
1 12 17 31 
1 12 18 26 
1 12 18 31 
1 12 19 26 
1 12 19 30 
1 12 19 31 
1 12 20 26 
1 12 20 31 
1 12 21 26 
1 12 21 30 
1 12 21 31 
1 12 24 26 
0 15 16 26 
0 15 19 26 
0 15 21 26 
0 15 21 30 
